3.02284370892698 2.53550975755561 1.87227459500555
3.85463620194603 2.92146304869137 1.72389601686049
5.40312664486249 6.6290492252871 7.25876921891026
3.76732849884778 2.0792934939429 2.90529983389094
2.49302734927785 -0.649779889152194 -0.441141262973161
3.67850868147058 5.17669233376066 4.00318083989725
2.87522063369161 7.45261096888069 1.34753175206384
3.75587350137388 4.8743280506076 2.43325748025588
3.98437933455096 4.50731926989781 -0.188644315943948
4.34261230029948 2.84746019900647 1.79938465722112
7.07253688999622 1.21673294937822 3.53841548150649
2.67898646074811 4.86369749200289 0.770336710991229
4.00156320326863 3.37309062080472 2.50479968759093
5.09197395124517 6.77354133748453 4.61940044439441
5.50345020803286 5.47086293056731 7.02874497393426
3.23276081431254 4.37773473240354 2.64089137853118
1.84323758797804 0.754259262265292 3.01449892802126
4.32388261120957 6.05907854344594 1.51126050790881
1.05956083899176 1.12266903142531 2.18004604535167
2.18874678356332 1.8156035230333 -0.957885598957652
3.37895622737018 2.54332014350318 4.57646800922559
1.62386280672272 5.03885599258531 6.04396441630387
0.6052741814918 1.54746174543603 2.31963670859055
5.89934372134962 3.28446809509415 1.69285459497835
6.11823560583739 7.2345870888869 4.07090219619569
4.08507971078083 4.54141258311484 4.81932941728348
4.43353828438097 1.85266649651008 2.92057840966903
2.7121030278268 3.76994126371272 4.34261464419386
-1.35462660026839 3.66394007711851 -0.315767789226157
3.36618591628927 3.41647670349299 4.67014839049346
3.97375243285958 5.63666070422522 3.15838785920833
2.47944847196703 1.89641345590622 0.390297541978869
0.46987531149839 1.98228082755098 4.00906855158164
6.37627222563188 7.75991023949333 1.15336380543701
0.639337315202844 5.11990002533784 1.92743957822983
2.68623650074133 7.66322229186171 4.25399825380795
4.8470787803862 2.66063257072461 0.934874886852473
2.03400833704022 3.18782363628628 1.64287017237093
1.92499510946543 5.31102064003913 7.7041571166744
3.71526053599101 3.95728380711788 6.27104948251906
1.56853051078332 1.74953717578644 1.3959312971702
2.49504319340889 3.5321282459395 2.66414122452754
4.57898163409485 4.46107708022618 6.71356113316751
2.09691257320707 2.83981792339909 5.19864306184314
1.76555246020316 2.94337402003999 7.32607677370603
2.49216525441334 1.05223778335174 2.60398769127249
3.56337489974635 3.1492440264105 2.71098606889266
1.54885902251362 3.93677173224254 3.11239457215336
2.36435967889448 3.51779761001832 0.908287797608822
1.57493824520072 0.651967184386372 2.74953123774669
-3.0855507945092 0.605830510131663 3.45583359088906
3.86115428869104 3.91553853303119 2.98814821152029
4.70897612788056 4.77205917060803 4.77729582310837
-0.108147648465569 4.0079789714971 4.79683291346622
3.76506937681145 0.638427015608639 0.0563947588239664
1.59623719726926 2.69433271700945 0.234403273876766
2.62101168835122 2.98365738404104 2.57103277709222
3.39858062053589 4.52994033821859 2.9920140091902
3.06807737905236 0.39581376010367 3.95330926099262
0.402941647541264 2.38191530349075 5.97848185215932
6.40779841363921 5.43860614090599 5.27081025110179
5.59835444592742 5.22063382761411 10.5884916357851
5.3007988355955 2.13854824268145 3.28345165272983
4.52249407523862 5.72618977804705 7.0686172824602
2.33669338001119 1.05505275224179 1.26609212042019
1.44263861206299 3.31173611818676 2.09995675325972
5.08272048794832 1.19013770552174 4.080329883576
0.824022354570337 1.98250226116771 3.66062367933912
0.457462272325242 4.78789206761132 1.18602639515299
1.13773966985013 1.44039156032374 0.844373537576223
4.14011813990942 6.47589089246884 6.55946367441001
5.51202263805575 3.94919802273395 0.864152512874201
4.69906391674732 2.169809654987 1.7904043389513
-0.0700613110846715 0.819755296903467 2.10013609633409
0.500216522832811 2.64507315646979 3.83489959188958
5.18425451381149 6.57463230932624 6.38550918348458
5.03626504752157 0.527254760348601 3.36327062077061
-0.637680877701722 1.71438296488064 3.11773163216391
4.02071372084793 4.05505267052708 3.3268641670147
3.72949071395663 2.29544695817436 -1.44020057018536
2.81998260428635 1.9060017866524 1.33163119191798
4.79181148855326 4.10937849696838 -0.5149867725605
3.72386229165702 -1.71374829279653 0.730419221751157
3.39191809478525 3.10120646846906 4.27591851484264
3.24899163728789 -1.31566433206056 1.20964783224409
1.39302993528671 1.45026373006123 0.638710278611512
5.83056944418445 5.6448936447857 7.6908323712183
5.07846018834478 7.49403916028867 5.71609789501591
1.85462256166945 0.621774681499872 1.57994648478805
1.30598617313646 1.48768555368794 -2.68816083038022
5.54385304253978 4.87064198178048 4.29324275393166
3.42726166788446 2.77632920389884 3.07509908956933
6.68086069124894 2.51948897516575 2.49861036859232
3.46874017784128 3.41137315805152 1.3229970754638
3.01353188730201 6.039041978611 1.48787162926952
2.90807043070878 5.59066844847355 3.13022628895181
3.64479963313813 5.43932183033254 2.90693746663178
2.99538349122058 6.02949485211206 4.96028446388328
4.92341409625924 4.46143277615258 6.64096228516657
0.036734745453585 1.09323888440916 1.64974772715365
4.47324149955927 0.633309840521421 -2.14576116382817
3.08406980696908 0.963633397950161 2.54500385654199
3.97417686882826 6.50685077861084 1.24857965228193
-1.13236112196055 1.38047668968764 3.79928148803976
5.36004442181555 1.68688919030334 6.41015597702576
1.57018849764048 3.52303013501148 3.33534130101317
-0.420382332869137 -0.966854533998367 3.88225369218039
5.76175183988153 7.06229350280548 1.21531675167346
3.14138646525813 3.0469896822105 0.687219097606977
-0.150101057296384 3.53220127272044 5.56380578494117
5.29426351092276 5.9848278821209 5.63194701575255
2.74637985087656 3.1007510321413 3.98644276119581
3.4878796495621 4.26825693465225 4.01365964940478
3.55647878901906 2.14128427310792 4.07413511055452
7.23099620358701 -0.542303952883666 1.89143741832913
3.78126117563563 1.09856375991876 0.229228314915741
4.10932312458835 -0.234982549024178 1.60215378319634
5.40233563365837 4.01597027312473 -0.0494356780910121
2.77784705935793 5.62077334971207 3.05062004218357
2.63211684052512 3.67643390869079 1.62050833993822
6.61618133151264 4.8913447196737 6.93366961999195
4.4110647121097 -0.042738586129764 3.0613161715357
4.123739325987 3.191625089896 0.135900257214989
1.20258274237899 2.96364501278872 5.04419003243769
3.36109543171035 4.11200813095367 4.02516343229601
0.650878612106012 -2.06606436300834 2.83632579801482
3.50978062348204 3.59296990022195 -1.32395740629081
3.69033781382024 2.28476399428264 3.55640170079865
4.55433458457387 1.88620957833376 6.9306761600294
3.72444560089514 5.5073833882562 3.98968656739496
3.29103966962368 2.148688520348 -3.03864385653164
4.99170212913671 3.96809728184282 -0.105072268972711
3.66390780760646 3.26435844328847 5.23765742977357
5.20102141356259 -0.406002114133225 2.55959853775438
-0.780422322301102 1.15538997011408 3.10519653660876
2.92212388874034 3.04223514142489 3.90751462014205
6.372893313455 7.24100393507846 6.29043016591146
1.95816137852256 0.846116221586647 2.23790743585345
0.809305655107352 1.58521832691421 1.68183957699598
-1.12895868683638 2.40682276913345 1.37463070491243
2.27944612518732 1.38325167462151 1.58636833771801
5.45141043130434 5.634690882229 7.12175576756565
-1.11655041950582 0.392415567850648 2.7632748038557
4.23245839754296 4.31353654371918 5.46707940499016
7.78406892288862 2.02186308521785 1.3328001740917
3.89135195310474 6.65121731963348 2.38912245015851
6.49408773139826 3.52389435868518 -2.09506757934093
2.84067664447933 0.363500106891604 0.390627590570235
3.27702682769831 -0.73648821175531 3.36016914804131
3.58727204509346 0.277701088781676 3.69173872270515
1.79085329874782 0.622694149856613 3.80577585436322
3.06798038991616 5.00838121457942 1.41026280774052
4.04256947715617 4.93266756696151 8.21013269932714
6.58762966714262 3.83540696974079 6.10551866095474
4.6205878989261 0.770533170506217 0.725437748817826
1.46807124298656 2.99678435510806 1.12120984608445
-1.04621109767037 2.71951829591208 2.25689187503574
1.97319958803295 0.106649832847098 2.44146498433512
5.67115928673378 2.36275421180545 5.79276234226536
2.66566911475322 5.52596366783413 4.76779550260982
5.52431054528562 -0.412687239945273 1.3653020973686
4.23912357611337 0.472198838993413 0.161566985681727
2.52809156766711 7.20059074174217 7.66171971861073
0.37321109928707 1.0846757287441 3.58344295768459
-2.4539497938107 2.20521176561817 3.79873377586545
4.53640139957377 1.82194239786713 2.95710656232918
2.09911294992715 -0.588808037203317 0.975721407471414
6.4802404558926 5.92463783446866 1.26912962043916
-2.09765473061844 1.06295833965081 3.81315811754307
6.34742297600426 0.556229862600334 -3.17848644923711
2.89845449630448 4.69203261793471 3.89813487785809
1.80221221471076 1.34386682183723 1.8825112432136
3.49826343193647 1.70932481303986 2.49610917130727
5.40330774929936 0.262128164198899 0.24662589977682
5.68977451311583 0.719107756993899 2.60229386923532
5.81411809405244 2.11149971129194 -1.88871832907308
-0.38896590101751 3.58723734351543 3.96593871018462
1.94275573575836 3.50533866668158 4.12068007025803
2.17457600184278 4.94368783563982 -0.165894303780903
5.15558727898754 5.4226613495689 5.50107569418769
5.36394402161636 7.75810929486754 7.85757600347925
1.90811279751753 4.39394365817308 3.30439347460328
1.03301436439346 2.35978072320184 1.0767889029877
3.91129942563729 3.0036957251892 2.60881844399937
6.7899053154856 2.46214362165076 -0.224025214136989
-0.1914413513657 3.62487354639853 1.68390871554608
4.56303162185331 2.11165901942884 3.54391067240652
3.87698274663478 2.88475410452729 3.17042279653003
0.785409179374615 2.41524623899201 4.58449922117473
0.328544065022804 -0.73239910581143 0.981076148344983
2.95053444409792 -0.360809507630714 0.533504802368576
3.3975714091053 4.74834354395032 4.96141315462925
2.75513701904395 1.34658191676467 5.05810473710285
6.14033794919853 5.62833814234242 -0.251051585499564
-1.41728155651067 3.12683764296884 6.42882549218621
3.57712233601769 1.99565376903722 -2.14194764036386
2.20451578178359 5.23512012586324 6.31811164314008
0.129488856992966 2.41058250636745 3.98065785732187
4.14506132424769 6.38033914163676 1.66638925236088
4.76093822663645 2.20059755379549 4.05520853274882
